Anno;Provenienza;Strutture Alberghiere;Strutture extra - alberghiere;Totale strutture ricettive
2008;Piemonte;67.031;913;67.944
2008;Valle D'Aosta;3.948;89;4.037
2008;Lombardia;373.389;1.317;374.706
2008;Veneto;99.353;1.418;100.771
2008;Friuli Venezia Giulia;31.183;511;31.694
2008;Liguria;37.000;402;37.402
2008;Emilia Romagna;80.110;735;80.845
2008;Toscana;91.098;867;91.965
2008;Umbria;21.035;176;21.211
2008;Marche;37.152;439;37.591
2008;Lazio;215.699;1.150;216.849
2008;Abruzzo;21.806;263;22.069
2008;Molise;5.614;111;5.725
2008;Campania;83.536;1.087;84.623
2008;Puglia;67.299;1.088;68.387
2008;Basilicata;8.459;121;8.580
2008;Calabria;29.702;461;30.163
2008;Sicilia;72.439;1.157;73.596
2008;Sardegna;28.724;403;29.127
2008;Bolzano;6.172;188;6.360
2008;Trento;10.470;212;10.682
2009;Piemonte;72.151;1.020;73.171
2009;Valle D'Aosta;3.539;78;3.617
2009;Lombardia;443.411;3.053;446.464
2009;Veneto;103.878;1.528;105.406
2009;Friuli Venezia Giulia;32.614;630;33.244
2009;Liguria;40.302;607;40.909
2009;Emilia Romagna;85.119;1.256;86.375
2009;Toscana;98.197;1.419;99.616
2009;Umbria;22.567;271;22.838
2009;Marche;40.268;670;40.938
2009;Lazio;205.238;1.538;206.776
2009;Abruzzo;25.200;430;25.630
2009;Molise;6.579;84;6.663
2009;Campania;93.087;1.390;94.477
2009;Puglia;77.493;1.254;78.747
2009;Basilicata;10.286;169;10.455
2009;Calabria;34.773;485;35.258
2009;Sicilia;80.335;1.391;81.726
2009;Sardegna;32.725;563;33.288
2009;Bolzano;6.703;226;6.929
2009;Trento;11.952;441;12.393
2010;Piemonte;76.919;1.482;78.401
2010;Valle D'Aosta;3.618;73;3.691
2010;Lombardia;491.164;4.306;495.470
2010;Veneto;108.738;2.119;110.857
2010;Friuli Venezia Giulia;34.815;641;35.456
2010;Liguria;43.339;891;44.230
2010;Emilia Romagna;88.785;1.510;90.295
2010;Toscana;100.052;1.442;101.494
2010;Umbria;24.356;334;24.690
2010;Marche;42.067;801;42.868
2010;Lazio;212.900;2.165;215.065
2010;Abruzzo;27.259;587;27.846
2010;Molise;6.778;82;6.860
2010;Campania;101.039;1.526;102.565
2010;Puglia;82.548;1.720;84.268
2010;Basilicata;10.422;205;10.627
2010;Calabria;36.378;586;36.964
2010;Sicilia;85.886;1.862;87.748
2010;Sardegna;33.816;622;34.438
2010;Bolzano;8.838;142;8.980
2010;Trento;10.793;343;11.136
2011;Piemonte;75.798;1.772;77.570
2011;Valle D'Aosta;3.598;74;3.672
2011;Lombardia;424.127;4.251;428.378
2011;Veneto;112.592;2.303;114.895
2011;Friuli Venezia Giulia;33.819;835;34.654
2011;Liguria;45.346;1.107;46.453
2011;Emilia Romagna;91.876;1.954;93.830
2011;Toscana;100.690;1.805;102.495
2011;Umbria;24.050;506;24.556
2011;Marche;43.425;985;44.410
2011;Lazio;208.069;2.906;210.975
2011;Abruzzo;28.072;737;28.809
2011;Molise;7.127;134;7.261
2011;Campania;107.238;1.974;109.212
2011;Puglia;84.354;2.073;86.427
2011;Basilicata;10.935;283;11.218
2011;Calabria;37.239;915;38.154
2011;Sicilia;89.212;2.625;91.837
2011;Sardegna;34.419;776;35.195
2011;Bolzano;8.999;285;9.284
2011;Trento;10.718;414;11.132
2012;Piemonte ;82.222;2.579;84.801
2012;Valle D'Aosta ;3.455;116;3.571
2012;Lombardia ;437.643;6.226;443.869
2012;Veneto ;113.364;2.836;116.200
2012;Friuli Venezia Giulia ;33.927;891;34.818
2012;Liguria ;46.778;1.297;48.075
2012;Emilia Romagna ;96.220;2.994;99.214
2012;Toscana ;101.841;2.346;104.187
2012;Umbria ;24.104;491;24.595
2012;Marche ;43.643;1.024;44.667
2012;Lazio ;212.578;3.590;216.168
2012;Abruzzo ;27.222;805;28.027
2012;Molise ;6.751;175;6.926
2012;Campania ;104.414;2.931;107.345
2012;Puglia ;84.257;2.497;86.754
2012;Basilicata ;11.058;301;11.359
2012;Calabria ;37.832;1.300;39.132
2012;Sicilia ;85.243;3.149;88.392
2012;Sardegna ;32.142;911;33.053
2012;Bolzano ;8.552;486;9.038
2012;Trento ;11.051;646;11.697
2013;Piemonte ;78.900;3.945;82.845
2013;Valle D'Aosta ;3.219;283;3.502
2013;Lombardia ;507.222;8.471;515.693
2013;Veneto ;116.105;5.245;121.350
2013;Friuli Venezia Giulia ;34.479;1.662;36.141
2013;Liguria ;47.275;2.842;50.117
2013;Emilia Romagna ;98.798;4.373;103.171
2013;Toscana ;106.274;4.433;110.707
2013;Umbria ;24.869;1.072;25.941
2013;Marche ;45.062;2.332;47.394
2013;Lazio ;219.382;5.974;225.356
2013;Abruzzo ;28.566;1.270;29.836
2013;Molise ;7.051;333;7.384
2013;Campania ;108.023;5.134;113.157
2013;Puglia ;85.274;5.191;90.465
2013;Basilicata ;10.871;700;11.571
2013;Calabria ;38.559;2.603;41.162
2013;Sicilia ;85.773;6.045;91.818
2013;Sardegna ;34.069;1.987;36.056
2013;Bolzano ;7.935;409;8.344
2013;Trento ;11.988;1.064;13.052
2014;Piemonte ;83.346;5.241;88.587
2014;Valle D'Aosta ;3.788;423;4.211
2014;Lombardia ;506.412;9.998;516.410
2014;Veneto ;126.321;7.366;133.687
2014;Friuli Venezia Giulia ;38.232;1.959;40.191
2014;Liguria ;50.160;3.318;53.478
2014;Emilia Romagna ;105.121;5.814;110.935
2014;Toscana ;114.661;5.457;120.118
2014;Umbria ;26.739;1.604;28.343
2014;Marche ;51.007;2.914;53.921
2014;Lazio ;238.893;8.142;247.035
2014;Abruzzo ;30.746;1.653;32.399
2014;Molise ;7.521;514;8.035
2014;Campania ;126.399;6.251;132.650
2014;Puglia ;92.766;6.108;98.874
2014;Basilicata ;11.555;951;12.506
2014;Calabria ;40.421;3.020;43.441
2014;Sicilia ;89.217;7.512;96.729
2014;Sardegna ;36.827;2.602;39.429
2014;Bolzano ;8.674;652;9.326
2014;Trento ;13.512;1.170;14.682
2015;Piemonte ;88.929;6.868;95.797
2015;Valle D'Aosta ;4.454;623;5.077
2015;Lombardia ;462.967;12.732;475.699
2015;Veneto ;149.868;11.235;161.103
2015;Friuli Venezia Giulia ;46.610;3.929;50.539
2015;Liguria ;50.659;3.938;54.597
2015;Emilia Romagna ;118.315;9.035;127.350
2015;Toscana ;133.289;9.020;142.309
2015;Umbria ;34.154;3.022;37.176
2015;Marche ;59.022;4.888;63.910
2015;Lazio ;290.612;13.837;304.449
2015;Abruzzo ;37.907;3.010;40.917
2015;Molise ;10.124;888;11.012
2015;Campania ;145.972;8.801;154.773
2015;Puglia ;100.955;7.655;108.610
2015;Basilicata ;14.690;1.252;15.942
2015;Calabria ;47.027;3.800;50.827
2015;Sicilia ;97.313;8.312;105.625
2015;Sardegna ;42.250;3.274;45.524
2015;Bolzano ;10.778;811;11.589
2015;Trento ;15.404;1.885;17.289
